0 0.349134 0.356424 0.0537485 0.0238514
0 0.616993 0.36567 0.0373339 0.0310162
1 0.259946 0.755356 0.334552 0.234965
0 0.272873 0.458196 0.0590536 0.0440921
0 0.484577 0.209048 0.0274477 0.013615
0 0.64419 0.28966 0.0919367 0.0265596
0 0.100351 0.404353 0.0353339 0.0143152
0 0.100146 0.313698 0.0370002 0.0151966
0 0.164795 0.247338 0.0342083 0.0167621
0 0.339381 0.237578 0.0777516 0.0385689
0 0.571324 0.488459 0.0298296 0.0170287
0 0.477589 0.560634 0.0334171 0.0160516
0 0.132868 0.460999 0.0333355 0.018298
0 0.396418 0.190643 0.0458757 0.0345532
0 0.563088 0.209957 0.0292127 0.015024
0 0.587516 0.443557 0.0337599 0.0176173
0 0.487631 0.512378 0.0362826 0.0169307
0 0.275934 0.236408 0.039909 0.0394435
0 0.607566 0.31618 0.0401999 0.0167159
0 0.198779 0.508 0.035078 0.0148763
0 0.19672 0.486996 0.0192087 0.0150056
0 0.267806 0.395274 0.0390382 0.0166659
0 0.491996 0.537013 0.0270117 0.016233
0 0.292611 0.450539 0.0738113 0.0283344
0 0.350382 0.358059 0.0605423 0.0265191
0 0.482825 0.507948 0.0304751 0.0153134
0 0.338235 0.25973 0.0800068 0.0374078
1 0.243752 0.824408 0.330163 0.149475
0 0.649283 0.288958 0.089752 0.0298782
0 0.608212 0.414333 0.0359862 0.0247629
0 0.259073 0.236239 0.0346646 0.0321924
0 0.481891 0.528706 0.0333638 0.0188381
0 0.292249 0.398489 0.0394337 0.0151987
0 0.150625 0.190796 0.117665 0.0778413
0 0.585656 0.439074 0.0348872 0.0158274
0 0.192842 0.516389 0.0305658 0.0270615
0 0.0946278 0.408179 0.0383585 0.0167096
0 0.0957497 0.315509 0.039603 0.0147643
0 0.131333 0.292611 0.0361532 0.0170821
0 0.564797 0.237772 0.0285614 0.0180222
0 0.277125 0.291134 0.0454127 0.0280701
0 0.490814 0.484055 0.0342989 0.0183759
0 0.538301 0.219789 0.0267841 0.0168153
0 0.433873 0.18891 0.0447907 0.0366175
0 0.311008 0.510948 0.114096 0.0654349
0 0.262208 0.262881 0.0270345 0.0138755
0 0.610354 0.31749 0.0414439 0.0172525
0 0.573608 0.466861 0.0261036 0.0179922
0 0.129553 0.465567 0.0389794 0.0203515
0 0.455617 0.466516 0.0284595 0.0165723
0 0.19449 0.493201 0.0198186 0.0162629
