0 0.370967 0.742589 0.131248 0.0406135
1 0.209149 0.828279 0.27447 0.13669
0 0.329417 0.308616 0.0304899 0.0242063
0 0.380265 0.290101 0.0322597 0.025047
0 0.355279 0.347692 0.0300759 0.0239059
0 0.542944 0.191064 0.0531361 0.0257319
0 0.58879 0.562611 0.0517534 0.028384
0 0.224337 0.419338 0.0349818 0.0179111
0 0.59664 0.754823 0.0675936 0.0404604
0 0.434362 0.224721 0.0392695 0.016663
0 0.110316 0.321771 0.029033 0.026328
0 0.36297 0.192206 0.0596962 0.018828
0 0.428653 0.433148 0.120825 0.0289152
0 0.226848 0.448 0.0399811 0.0220176
