1 0.7547 0.483757 0.259958 0.217378
1 0.201823 0.814817 0.244614 0.0937448
0 0.366146 0.324973 0.028785 0.0218264
0 0.300876 0.320862 0.030875 0.021871
0 0.543803 0.218028 0.0521012 0.0235701
0 0.326322 0.355371 0.0270149 0.0219424
0 0.100424 0.337356 0.0246166 0.0221971
0 0.334135 0.501313 0.109257 0.0326827
0 0.342765 0.301642 0.0271311 0.0202122
0 0.209593 0.427948 0.0554653 0.0295652
0 0.30873 0.424283 0.0340907 0.0170951
0 0.203753 0.245492 0.0427108 0.0209926
0 0.455563 0.417283 0.0374619 0.0162372
0 0.233458 0.728968 0.136948 0.0225972
0 0.183168 0.502397 0.0816417 0.0225711
