0 0.292611 0.450539 0.0738113 0.0283344
0 0.350382 0.358059 0.0605423 0.0265191
0 0.482825 0.507948 0.0304751 0.0153134
0 0.338235 0.25973 0.0800068 0.0374078
1 0.243752 0.824408 0.330163 0.149475
0 0.649283 0.288958 0.089752 0.0298782
0 0.608212 0.414333 0.0359862 0.0247629
0 0.259073 0.236239 0.0346646 0.0321924
0 0.481891 0.528706 0.0333638 0.0188381
0 0.292249 0.398489 0.0394337 0.0151987
0 0.150625 0.190796 0.117665 0.0778413
0 0.585656 0.439074 0.0348872 0.0158274
0 0.192842 0.516389 0.0305658 0.0270615
0 0.0946278 0.408179 0.0383585 0.0167096
0 0.0957497 0.315509 0.039603 0.0147643
0 0.131333 0.292611 0.0361532 0.0170821
0 0.564797 0.237772 0.0285614 0.0180222
0 0.277125 0.291134 0.0454127 0.0280701
0 0.490814 0.484055 0.0342989 0.0183759
0 0.538301 0.219789 0.0267841 0.0168153
0 0.433873 0.18891 0.0447907 0.0366175
0 0.311008 0.510948 0.114096 0.0654349
0 0.262208 0.262881 0.0270345 0.0138755
0 0.610354 0.31749 0.0414439 0.0172525
0 0.573608 0.466861 0.0261036 0.0179922
0 0.129553 0.465567 0.0389794 0.0203515
0 0.455617 0.466516 0.0284595 0.0165723
0 0.19449 0.493201 0.0198186 0.0162629
