0 0.349134 0.356424 0.0537485 0.0238514
0 0.616993 0.36567 0.0373339 0.0310162
1 0.259946 0.755356 0.334552 0.234965
0 0.272873 0.458196 0.0590536 0.0440921
0 0.484577 0.209048 0.0274477 0.013615
0 0.64419 0.28966 0.0919367 0.0265596
0 0.100351 0.404353 0.0353339 0.0143152
0 0.100146 0.313698 0.0370002 0.0151966
0 0.164795 0.247338 0.0342083 0.0167621
0 0.339381 0.237578 0.0777516 0.0385689
0 0.571324 0.488459 0.0298296 0.0170287
0 0.477589 0.560634 0.0334171 0.0160516
0 0.132868 0.460999 0.0333355 0.018298
0 0.396418 0.190643 0.0458757 0.0345532
0 0.563088 0.209957 0.0292127 0.015024
0 0.587516 0.443557 0.0337599 0.0176173
0 0.487631 0.512378 0.0362826 0.0169307
0 0.275934 0.236408 0.039909 0.0394435
0 0.607566 0.31618 0.0401999 0.0167159
0 0.198779 0.508 0.035078 0.0148763
0 0.19672 0.486996 0.0192087 0.0150056
0 0.267806 0.395274 0.0390382 0.0166659
0 0.491996 0.537013 0.0270117 0.016233
