0 0.370967 0.742589 0.131248 0.0406135
1 0.209149 0.828279 0.27447 0.13669
0 0.329417 0.308616 0.0304899 0.0242063
0 0.380265 0.290101 0.0322597 0.025047
0 0.355279 0.347692 0.0300759 0.0239059
0 0.542944 0.191064 0.0531361 0.0257319
0 0.58879 0.562611 0.0517534 0.028384
0 0.224337 0.419338 0.0349818 0.0179111
0 0.59664 0.754823 0.0675936 0.0404604
0 0.434362 0.224721 0.0392695 0.016663
0 0.110316 0.321771 0.029033 0.026328
0 0.36297 0.192206 0.0596962 0.018828
0 0.428653 0.433148 0.120825 0.0289152
0 0.226848 0.448 0.0399811 0.0220176
1 0.7547 0.483757 0.259958 0.217378
1 0.201823 0.814817 0.244614 0.0937448
0 0.366146 0.324973 0.028785 0.0218264
0 0.300876 0.320862 0.030875 0.021871
0 0.543803 0.218028 0.0521012 0.0235701
0 0.326322 0.355371 0.0270149 0.0219424
0 0.100424 0.337356 0.0246166 0.0221971
0 0.334135 0.501313 0.109257 0.0326827
0 0.342765 0.301642 0.0271311 0.0202122
0 0.209593 0.427948 0.0554653 0.0295652
0 0.30873 0.424283 0.0340907 0.0170951
0 0.203753 0.245492 0.0427108 0.0209926
0 0.455563 0.417283 0.0374619 0.0162372
0 0.233458 0.728968 0.136948 0.0225972
0 0.183168 0.502397 0.0816417 0.0225711
