0 0.653012 0.202934 0.0518931 0.0391446
0 0.671222 0.293673 0.076015 0.041392
1 0.193573 0.80309 0.340591 0.270956
0 0.59165 0.100354 0.0491625 0.0265119
0 0.393327 0.428169 0.0383235 0.0255828
0 0.432929 0.098379 0.0429086 0.0207243
0 0.225523 0.547611 0.0411049 0.0161336
0 0.364411 0.364692 0.0510639 0.027249
0 0.524571 0.293664 0.0407312 0.0186681
0 0.0630481 0.292205 0.0469109 0.028706
0 0.619974 0.378465 0.0401632 0.0212692
0 0.169604 0.611912 0.0344742 0.0177834
0 0.413662 0.474396 0.031339 0.0164387
0 0.235055 0.475158 0.0374993 0.0138953
0 0.0536985 0.421713 0.0484783 0.016538
0 0.347666 0.558871 0.0394197 0.0192482
0 0.224318 0.568172 0.0382971 0.01689
0 0.214893 0.384112 0.0359885 0.0181608
0 0.234136 0.42556 0.0309145 0.0153178
0 0.376125 0.404439 0.0279119 0.0158168
0 0.406559 0.567203 0.0374077 0.0174637
0 0.168118 0.310336 0.0272859 0.0185753
0 0.377661 0.162958 0.0390396 0.0163861
0 0.379704 0.48564 0.0323685 0.0158044
0 0.532361 0.641154 0.033889 0.0214618
0 0.240782 0.357102 0.0354083 0.0213617
0 0.577901 0.112496 0.0500969 0.0283589
0 0.658251 0.297287 0.0752054 0.0390896
0 0.399803 0.477508 0.0250984 0.0178664
0 0.600155 0.381421 0.0355248 0.0172856
0 0.638801 0.211934 0.0486644 0.0374612
0 0.0617076 0.29244 0.042109 0.0280949
0 0.338352 0.578589 0.0410742 0.0170787
0 0.366495 0.172049 0.0377304 0.0159963
0 0.0567449 0.426182 0.0454466 0.0174542
0 0.38327 0.369071 0.0343263 0.0179171
0 0.0737084 0.600227 0.0384748 0.0163556
0 0.512582 0.315511 0.0408147 0.0172721
0 0.214333 0.547193 0.0349784 0.0166119
0 0.228216 0.390507 0.050998 0.0241988
0 0.162314 0.309081 0.0260845 0.0177193
0 0.419234 0.105297 0.0420702 0.0193965
0 0.38701 0.433539 0.0387189 0.0266149
0 0.398496 0.238359 0.0393455 0.0171733
0 0.374772 0.490168 0.0269026 0.0133266
0 0.223767 0.437025 0.0231692 0.0153147
0 0.247462 0.353954 0.0235283 0.0171451
1 0.228882 0.780963 0.412513 0.310071
0 0.203853 0.482959 0.0304481 0.0132754
0 0.0650582 0.560145 0.0454902 0.0275498
0 0.392265 0.554586 0.03279 0.0162253
