0 0.653012 0.202934 0.0518931 0.0391446
0 0.671222 0.293673 0.076015 0.041392
1 0.193573 0.80309 0.340591 0.270956
0 0.59165 0.100354 0.0491625 0.0265119
0 0.393327 0.428169 0.0383235 0.0255828
0 0.432929 0.098379 0.0429086 0.0207243
0 0.225523 0.547611 0.0411049 0.0161336
0 0.364411 0.364692 0.0510639 0.027249
0 0.524571 0.293664 0.0407312 0.0186681
0 0.0630481 0.292205 0.0469109 0.028706
0 0.619974 0.378465 0.0401632 0.0212692
0 0.169604 0.611912 0.0344742 0.0177834
0 0.413662 0.474396 0.031339 0.0164387
0 0.235055 0.475158 0.0374993 0.0138953
0 0.0536985 0.421713 0.0484783 0.016538
0 0.347666 0.558871 0.0394197 0.0192482
0 0.224318 0.568172 0.0382971 0.01689
0 0.214893 0.384112 0.0359885 0.0181608
0 0.234136 0.42556 0.0309145 0.0153178
0 0.376125 0.404439 0.0279119 0.0158168
0 0.406559 0.567203 0.0374077 0.0174637
0 0.168118 0.310336 0.0272859 0.0185753
0 0.377661 0.162958 0.0390396 0.0163861
0 0.379704 0.48564 0.0323685 0.0158044
0 0.532361 0.641154 0.033889 0.0214618
0 0.240782 0.357102 0.0354083 0.0213617
0 0.577901 0.112496 0.0500969 0.0283589
0 0.658251 0.297287 0.0752054 0.0390896
0 0.399803 0.477508 0.0250984 0.0178664
0 0.600155 0.381421 0.0355248 0.0172856
0 0.638801 0.211934 0.0486644 0.0374612
0 0.0617076 0.29244 0.042109 0.0280949
0 0.338352 0.578589 0.0410742 0.0170787
0 0.366495 0.172049 0.0377304 0.0159963
0 0.0567449 0.426182 0.0454466 0.0174542
0 0.38327 0.369071 0.0343263 0.0179171
0 0.0737084 0.600227 0.0384748 0.0163556
0 0.512582 0.315511 0.0408147 0.0172721
0 0.214333 0.547193 0.0349784 0.0166119
0 0.228216 0.390507 0.050998 0.0241988
0 0.162314 0.309081 0.0260845 0.0177193
0 0.419234 0.105297 0.0420702 0.0193965
0 0.38701 0.433539 0.0387189 0.0266149
0 0.398496 0.238359 0.0393455 0.0171733
0 0.374772 0.490168 0.0269026 0.0133266
0 0.223767 0.437025 0.0231692 0.0153147
0 0.247462 0.353954 0.0235283 0.0171451
1 0.228882 0.780963 0.412513 0.310071
0 0.203853 0.482959 0.0304481 0.0132754
0 0.0650582 0.560145 0.0454902 0.0275498
0 0.392265 0.554586 0.03279 0.0162253
0 0.653012 0.202934 0.0518931 0.0391446
0 0.671222 0.293673 0.076015 0.041392
1 0.193573 0.80309 0.340591 0.270956
0 0.59165 0.100354 0.0491625 0.0265119
0 0.393327 0.428169 0.0383235 0.0255828
0 0.432929 0.098379 0.0429086 0.0207243
0 0.225523 0.547611 0.0411049 0.0161336
0 0.364411 0.364692 0.0510639 0.027249
0 0.524571 0.293664 0.0407312 0.0186681
0 0.0630481 0.292205 0.0469109 0.028706
0 0.619974 0.378465 0.0401632 0.0212692
0 0.169604 0.611912 0.0344742 0.0177834
0 0.413662 0.474396 0.031339 0.0164387
0 0.235055 0.475158 0.0374993 0.0138953
0 0.0536985 0.421713 0.0484783 0.016538
0 0.347666 0.558871 0.0394197 0.0192482
0 0.224318 0.568172 0.0382971 0.01689
0 0.214893 0.384112 0.0359885 0.0181608
0 0.234136 0.42556 0.0309145 0.0153178
0 0.376125 0.404439 0.0279119 0.0158168
0 0.406559 0.567203 0.0374077 0.0174637
0 0.168118 0.310336 0.0272859 0.0185753
0 0.377661 0.162958 0.0390396 0.0163861
0 0.379704 0.48564 0.0323685 0.0158044
0 0.532361 0.641154 0.033889 0.0214618
0 0.240782 0.357102 0.0354083 0.0213617
0 0.577901 0.112496 0.0500969 0.0283589
0 0.658251 0.297287 0.0752054 0.0390896
0 0.399803 0.477508 0.0250984 0.0178664
0 0.600155 0.381421 0.0355248 0.0172856
0 0.638801 0.211934 0.0486644 0.0374612
0 0.0617076 0.29244 0.042109 0.0280949
0 0.338352 0.578589 0.0410742 0.0170787
0 0.366495 0.172049 0.0377304 0.0159963
0 0.0567449 0.426182 0.0454466 0.0174542
0 0.38327 0.369071 0.0343263 0.0179171
0 0.0737084 0.600227 0.0384748 0.0163556
0 0.512582 0.315511 0.0408147 0.0172721
0 0.214333 0.547193 0.0349784 0.0166119
0 0.228216 0.390507 0.050998 0.0241988
0 0.162314 0.309081 0.0260845 0.0177193
0 0.419234 0.105297 0.0420702 0.0193965
0 0.38701 0.433539 0.0387189 0.0266149
0 0.398496 0.238359 0.0393455 0.0171733
0 0.374772 0.490168 0.0269026 0.0133266
0 0.223767 0.437025 0.0231692 0.0153147
0 0.247462 0.353954 0.0235283 0.0171451
1 0.228882 0.780963 0.412513 0.310071
0 0.203853 0.482959 0.0304481 0.0132754
0 0.0650582 0.560145 0.0454902 0.0275498
0 0.392265 0.554586 0.03279 0.0162253
0 0.292611 0.450539 0.0738113 0.0283344
0 0.350382 0.358059 0.0605423 0.0265191
0 0.482825 0.507948 0.0304751 0.0153134
0 0.338235 0.25973 0.0800068 0.0374078
1 0.243752 0.824408 0.330163 0.149475
0 0.649283 0.288958 0.089752 0.0298782
0 0.608212 0.414333 0.0359862 0.0247629
0 0.259073 0.236239 0.0346646 0.0321924
0 0.481891 0.528706 0.0333638 0.0188381
0 0.292249 0.398489 0.0394337 0.0151987
0 0.150625 0.190796 0.117665 0.0778413
0 0.585656 0.439074 0.0348872 0.0158274
0 0.192842 0.516389 0.0305658 0.0270615
0 0.0946278 0.408179 0.0383585 0.0167096
0 0.0957497 0.315509 0.039603 0.0147643
0 0.131333 0.292611 0.0361532 0.0170821
0 0.564797 0.237772 0.0285614 0.0180222
0 0.277125 0.291134 0.0454127 0.0280701
0 0.490814 0.484055 0.0342989 0.0183759
0 0.538301 0.219789 0.0267841 0.0168153
0 0.433873 0.18891 0.0447907 0.0366175
0 0.311008 0.510948 0.114096 0.0654349
0 0.262208 0.262881 0.0270345 0.0138755
0 0.610354 0.31749 0.0414439 0.0172525
0 0.573608 0.466861 0.0261036 0.0179922
0 0.129553 0.465567 0.0389794 0.0203515
0 0.455617 0.466516 0.0284595 0.0165723
0 0.19449 0.493201 0.0198186 0.0162629
0 0.653012 0.202934 0.0518931 0.0391446
0 0.671222 0.293673 0.076015 0.041392
1 0.193573 0.80309 0.340591 0.270956
0 0.59165 0.100354 0.0491625 0.0265119
0 0.393327 0.428169 0.0383235 0.0255828
0 0.432929 0.098379 0.0429086 0.0207243
0 0.225523 0.547611 0.0411049 0.0161336
0 0.364411 0.364692 0.0510639 0.027249
0 0.524571 0.293664 0.0407312 0.0186681
0 0.0630481 0.292205 0.0469109 0.028706
0 0.619974 0.378465 0.0401632 0.0212692
0 0.169604 0.611912 0.0344742 0.0177834
0 0.413662 0.474396 0.031339 0.0164387
0 0.235055 0.475158 0.0374993 0.0138953
0 0.0536985 0.421713 0.0484783 0.016538
0 0.347666 0.558871 0.0394197 0.0192482
0 0.224318 0.568172 0.0382971 0.01689
0 0.214893 0.384112 0.0359885 0.0181608
0 0.234136 0.42556 0.0309145 0.0153178
0 0.376125 0.404439 0.0279119 0.0158168
0 0.406559 0.567203 0.0374077 0.0174637
0 0.168118 0.310336 0.0272859 0.0185753
0 0.377661 0.162958 0.0390396 0.0163861
0 0.379704 0.48564 0.0323685 0.0158044
0 0.532361 0.641154 0.033889 0.0214618
0 0.240782 0.357102 0.0354083 0.0213617
0 0.577901 0.112496 0.0500969 0.0283589
0 0.658251 0.297287 0.0752054 0.0390896
0 0.399803 0.477508 0.0250984 0.0178664
0 0.600155 0.381421 0.0355248 0.0172856
0 0.638801 0.211934 0.0486644 0.0374612
0 0.0617076 0.29244 0.042109 0.0280949
0 0.338352 0.578589 0.0410742 0.0170787
0 0.366495 0.172049 0.0377304 0.0159963
0 0.0567449 0.426182 0.0454466 0.0174542
0 0.38327 0.369071 0.0343263 0.0179171
0 0.0737084 0.600227 0.0384748 0.0163556
0 0.512582 0.315511 0.0408147 0.0172721
0 0.214333 0.547193 0.0349784 0.0166119
0 0.228216 0.390507 0.050998 0.0241988
0 0.162314 0.309081 0.0260845 0.0177193
0 0.419234 0.105297 0.0420702 0.0193965
0 0.38701 0.433539 0.0387189 0.0266149
0 0.398496 0.238359 0.0393455 0.0171733
0 0.374772 0.490168 0.0269026 0.0133266
0 0.223767 0.437025 0.0231692 0.0153147
0 0.247462 0.353954 0.0235283 0.0171451
1 0.228882 0.780963 0.412513 0.310071
0 0.203853 0.482959 0.0304481 0.0132754
0 0.0650582 0.560145 0.0454902 0.0275498
0 0.392265 0.554586 0.03279 0.0162253
0 0.349134 0.356424 0.0537485 0.0238514
0 0.616993 0.36567 0.0373339 0.0310162
1 0.259946 0.755356 0.334552 0.234965
0 0.272873 0.458196 0.0590536 0.0440921
0 0.484577 0.209048 0.0274477 0.013615
0 0.64419 0.28966 0.0919367 0.0265596
0 0.100351 0.404353 0.0353339 0.0143152
0 0.100146 0.313698 0.0370002 0.0151966
0 0.164795 0.247338 0.0342083 0.0167621
0 0.339381 0.237578 0.0777516 0.0385689
0 0.571324 0.488459 0.0298296 0.0170287
0 0.477589 0.560634 0.0334171 0.0160516
0 0.132868 0.460999 0.0333355 0.018298
0 0.396418 0.190643 0.0458757 0.0345532
0 0.563088 0.209957 0.0292127 0.015024
0 0.587516 0.443557 0.0337599 0.0176173
0 0.487631 0.512378 0.0362826 0.0169307
0 0.275934 0.236408 0.039909 0.0394435
0 0.607566 0.31618 0.0401999 0.0167159
0 0.198779 0.508 0.035078 0.0148763
0 0.19672 0.486996 0.0192087 0.0150056
0 0.267806 0.395274 0.0390382 0.0166659
0 0.491996 0.537013 0.0270117 0.016233
0 0.292611 0.450539 0.0738113 0.0283344
0 0.350382 0.358059 0.0605423 0.0265191
0 0.482825 0.507948 0.0304751 0.0153134
0 0.338235 0.25973 0.0800068 0.0374078
1 0.243752 0.824408 0.330163 0.149475
0 0.649283 0.288958 0.089752 0.0298782
0 0.608212 0.414333 0.0359862 0.0247629
0 0.259073 0.236239 0.0346646 0.0321924
0 0.481891 0.528706 0.0333638 0.0188381
0 0.292249 0.398489 0.0394337 0.0151987
0 0.150625 0.190796 0.117665 0.0778413
0 0.585656 0.439074 0.0348872 0.0158274
0 0.192842 0.516389 0.0305658 0.0270615
0 0.0946278 0.408179 0.0383585 0.0167096
0 0.0957497 0.315509 0.039603 0.0147643
0 0.131333 0.292611 0.0361532 0.0170821
0 0.564797 0.237772 0.0285614 0.0180222
0 0.277125 0.291134 0.0454127 0.0280701
0 0.490814 0.484055 0.0342989 0.0183759
0 0.538301 0.219789 0.0267841 0.0168153
0 0.433873 0.18891 0.0447907 0.0366175
0 0.311008 0.510948 0.114096 0.0654349
0 0.262208 0.262881 0.0270345 0.0138755
0 0.610354 0.31749 0.0414439 0.0172525
0 0.573608 0.466861 0.0261036 0.0179922
0 0.129553 0.465567 0.0389794 0.0203515
0 0.455617 0.466516 0.0284595 0.0165723
0 0.19449 0.493201 0.0198186 0.0162629
0 0.349134 0.356424 0.0537485 0.0238514
0 0.616993 0.36567 0.0373339 0.0310162
1 0.259946 0.755356 0.334552 0.234965
0 0.272873 0.458196 0.0590536 0.0440921
0 0.484577 0.209048 0.0274477 0.013615
0 0.64419 0.28966 0.0919367 0.0265596
0 0.100351 0.404353 0.0353339 0.0143152
0 0.100146 0.313698 0.0370002 0.0151966
0 0.164795 0.247338 0.0342083 0.0167621
0 0.339381 0.237578 0.0777516 0.0385689
0 0.571324 0.488459 0.0298296 0.0170287
0 0.477589 0.560634 0.0334171 0.0160516
0 0.132868 0.460999 0.0333355 0.018298
0 0.396418 0.190643 0.0458757 0.0345532
0 0.563088 0.209957 0.0292127 0.015024
0 0.587516 0.443557 0.0337599 0.0176173
0 0.487631 0.512378 0.0362826 0.0169307
0 0.275934 0.236408 0.039909 0.0394435
0 0.607566 0.31618 0.0401999 0.0167159
0 0.198779 0.508 0.035078 0.0148763
0 0.19672 0.486996 0.0192087 0.0150056
0 0.267806 0.395274 0.0390382 0.0166659
0 0.491996 0.537013 0.0270117 0.016233
